1,0.9138578176498413
2,0.8103066682815552
3,1.3936866521835327
4,1.266813039779663
5,1.2825028896331787
6,0.7518342137336731
7,1.1252464056015015
8,1.0235822200775146
9,1.5492631196975708
10,1.2109558582305908
11,0.6530767679214478
12,1.2369590997695923
13,1.505292296409607
14,1.0573344230651855
15,1.4425098896026611
16,0.8014754056930542
17,1.6453313827514648
18,0.7719677686691284
19,1.562467098236084
20,0.7881966233253479
21,0.9166677594184875
22,1.2667877674102783
23,1.0043511390686035
24,1.3722573518753052
25,1.1528319120407104
26,1.3318006992340088
27,1.3862239122390747
28,0.92437344789505
29,1.3852967023849487
30,1.3403664827346802
31,1.3155694007873535
32,0.9662772417068481
33,1.1448466777801514
34,1.02046799659729
35,1.2679544687271118
36,1.8349252939224243
37,1.2378605604171753
38,0.8847246170043945
39,1.171154499053955
40,1.6906044483184814
41,0.9690680503845215
42,1.0205109119415283
43,1.1200835704803467
44,1.1093918085098267
45,1.4013186693191528
46,1.0474272966384888
47,0.888492226600647
48,1.5158677101135254
49,1.7252857685089111
50,0.6092621088027954
51,1.0848534107208252
52,0.874823272228241
53,1.105139136314392
54,1.0068974494934082
55,1.0349112749099731
56,1.3004904985427856
57,1.3591912984848022
58,1.2077481746673584
59,1.2399742603302002
60,1.0007036924362183
61,0.9900165796279907
62,0.811363697052002
63,1.5380454063415527
64,1.1222240924835205
65,1.0081539154052734
66,1.0511174201965332
67,0.8739539384841919
68,1.1559773683547974
69,1.1731245517730713
70,1.508493423461914
71,1.1363369226455688
72,1.311214566230774
73,1.184194803237915
74,1.9747556447982788
75,1.8518331050872803
76,1.851073980331421
77,1.328748345375061
78,1.4411506652832031
79,0.76835697889328
80,1.2267286777496338
81,0.6392723321914673
82,1.6512391567230225
83,1.2114826440811157
84,1.2850319147109985
85,1.0719789266586304
86,1.0337469577789307
87,1.2134435176849365
88,1.305967092514038
89,1.4717165231704712
90,1.0118385553359985
91,1.4020376205444336
92,1.4073134660720825
93,1.018961787223816
94,0.8997675776481628
95,1.1663846969604492
96,1.3270001411437988
97,0.9912812113761902
98,0.9195483922958374
99,0.7642644643783569
100,1.5511001348495483
101,1.0149375200271606
102,1.0508025884628296
103,1.7104657888412476
104,0.8927973508834839
105,0.8365139961242676
106,1.1761788129806519
107,1.2915267944335938
108,1.1029956340789795
109,0.7612125277519226
110,1.4763094186782837
111,1.6049854755401611
112,1.4278331995010376
113,1.443377137184143
114,1.5704041719436646
115,1.0375759601593018
116,1.1852673292160034
117,1.1577351093292236
118,1.3626413345336914
119,1.6220967769622803
120,1.0879147052764893
121,0.9098870158195496
122,1.059627652168274
123,0.9499295949935913
124,0.7828144431114197
125,1.0696816444396973
126,0.47198590636253357
127,1.2857011556625366
128,1.186845064163208
129,0.927486777305603
130,1.7253320217132568
131,1.4286601543426514
132,0.9432053565979004
133,1.1733603477478027
134,1.443098545074463
135,1.574878215789795
136,1.5527806282043457
137,1.1470500230789185
138,0.9619851112365723
139,1.771198034286499
140,1.8374427556991577
141,1.1938726902008057
142,1.347978949546814
143,1.1140915155410767
144,0.8502589464187622
145,1.460387945175171
146,1.4153473377227783
147,0.8402703404426575
148,1.1393070220947266
149,1.0904349088668823
150,1.2685482501983643
151,1.2348992824554443
152,1.0756412744522095
153,1.1862752437591553
154,1.446152687072754
155,1.2732946872711182
156,1.4858958721160889
157,1.2784876823425293
158,1.26792311668396
159,0.9611440896987915
160,1.2241160869598389
161,0.6648379564285278
162,1.149026870727539
163,1.5998400449752808
164,1.0889357328414917
165,1.18272864818573
166,1.172290563583374
167,1.4178969860076904
168,1.0384465456008911
169,1.3683969974517822
170,1.2418560981750488
171,0.6780192255973816
172,1.5172561407089233
173,0.5526087284088135
174,1.1788318157196045
175,1.630279541015625
176,0.7717703580856323
177,1.285641074180603
178,1.2123066186904907
179,1.4153516292572021
180,1.9280822277069092
181,1.308212399482727
182,0.7952057719230652
183,1.1583077907562256
184,0.6108425259590149
185,1.837715744972229
186,1.0603020191192627
187,1.0075476169586182
188,1.261982798576355
189,1.141716718673706
190,1.307887315750122
191,1.2895843982696533
192,1.2814127206802368
193,1.1492242813110352
194,1.1966453790664673
195,1.3918471336364746
196,1.3300235271453857
197,1.1821376085281372
198,1.5191864967346191
199,1.0130678415298462
200,1.307964563369751
201,1.0977425575256348
202,1.3430507183074951
203,1.3252402544021606
204,1.3014302253723145
205,1.3690866231918335
206,1.4500900506973267
207,1.2564160823822021
208,1.2389495372772217
209,1.4504338502883911
210,1.1767278909683228
211,1.236214518547058
212,1.2116321325302124
213,1.5964701175689697
214,1.8767725229263306
215,1.4202861785888672
216,1.4441649913787842
217,1.4815428256988525
218,1.1181652545928955
219,1.3028230667114258
220,1.338550329208374
221,1.1100871562957764
222,0.8561385273933411
223,1.0329139232635498
224,0.8840624094009399
225,1.224224328994751
226,1.2576580047607422
227,1.2012581825256348
228,1.6140180826187134
229,1.0809892416000366
230,1.5489068031311035
231,0.8427351117134094
232,1.4175645112991333
233,1.5052299499511719
234,1.1525909900665283
235,1.7651084661483765
236,1.1602468490600586
237,1.0925971269607544
238,1.266526460647583
239,1.8967256546020508
240,1.2387430667877197
241,0.6954512596130371
242,0.9440180659294128
243,1.4131183624267578
244,1.877549171447754
245,1.3449575901031494
246,1.559035062789917
247,0.8799339532852173
248,1.7068780660629272
249,1.312644124031067
250,2.056051254272461
251,0.6941238641738892
252,0.9509090185165405
253,1.253347635269165
254,0.9483116865158081
255,0.711197555065155
256,1.1013672351837158
257,0.9237877130508423
258,1.2719533443450928
259,1.212087869644165
260,1.2194790840148926
261,1.0199090242385864
262,1.3929107189178467
263,1.4087129831314087
264,1.7121117115020752
265,1.1395947933197021
266,1.5086228847503662
267,1.7142667770385742
268,1.1472856998443604
269,1.3481862545013428
270,0.7399926781654358
271,1.4138338565826416
272,1.1991026401519775
273,1.1797486543655396
274,1.5922939777374268
275,1.0138177871704102
276,1.3143630027770996
277,1.5419079065322876
278,1.0977851152420044
279,1.684125542640686
280,1.3739675283432007
281,1.5361822843551636
282,1.9081262350082397
283,1.4828846454620361
284,1.2811733484268188
285,1.2666943073272705
286,1.2072967290878296
287,1.5114814043045044
288,1.3160632848739624
289,0.9945585131645203
290,0.7324367165565491
291,1.3269392251968384
292,1.1094025373458862
293,0.910944938659668
294,1.5788555145263672
295,1.026071548461914
296,1.263669729232788
297,1.0734680891036987
298,1.33848237991333
299,1.1640865802764893
300,1.216166377067566
301,1.1702146530151367
302,1.5784245729446411
303,1.4251090288162231
304,1.5286184549331665
305,0.6450212597846985
306,1.011497139930725
307,0.7547673583030701
308,1.6579554080963135
309,0.6618949174880981
310,0.870633602142334
311,1.3776203393936157
312,1.4926923513412476
313,1.0619490146636963
314,1.3222603797912598
315,1.3069126605987549
316,1.2271194458007812
317,1.259359359741211
318,1.0132747888565063
319,1.2852602005004883
320,1.2673758268356323
321,1.1890496015548706
322,1.5134199857711792
323,1.2485010623931885
324,1.533172369003296
325,1.1202313899993896
326,1.5627501010894775
327,1.5031540393829346
328,1.049886703491211
329,0.8655112981796265
330,1.3391047716140747
331,1.799152135848999
332,1.1344704627990723
333,0.8391720652580261
334,0.621700644493103
335,1.0373857021331787
336,0.9801400899887085
337,1.443395972251892
338,1.5929958820343018
339,1.4093120098114014
340,1.3212157487869263
341,1.1450353860855103
342,0.9642709493637085
343,1.011958122253418
344,1.4251554012298584
345,0.9337580800056458
346,1.4736335277557373
347,1.7124477624893188
348,0.8735132217407227
349,1.2228522300720215
350,1.4423311948776245
351,1.1562488079071045
352,0.9937207102775574
353,1.7227483987808228
354,1.7395528554916382
355,1.5858038663864136
356,1.3418140411376953
357,1.2903211116790771
358,1.1538982391357422
359,0.8650990724563599
360,1.4827897548675537
361,1.0314613580703735
362,0.7508009672164917
363,1.1385102272033691
364,1.059324860572815
365,1.206146478652954
366,1.5644251108169556
367,1.294819712638855
368,1.1885066032409668
369,1.4954121112823486
370,1.0444047451019287
371,1.5252935886383057
372,1.0687105655670166
373,0.9527533650398254
374,1.5301129817962646
375,1.452226996421814
376,1.8516228199005127
377,1.5583033561706543
378,1.673262596130371
379,0.8451854586601257
380,0.8506609797477722
381,1.1432459354400635
382,1.1962097883224487
383,0.7202819585800171
384,1.075557827949524
385,1.3839393854141235
386,1.1214598417282104
387,1.2659928798675537
388,1.3057174682617188
389,1.850294828414917
390,1.397374153137207
391,1.3931649923324585
392,1.769972562789917
393,1.1097086668014526
394,1.2476222515106201
395,1.6829334497451782
396,0.9705971479415894
397,1.1397982835769653
398,1.1696964502334595
399,1.0685381889343262
400,0.9191235303878784
401,1.371813416481018
402,1.2031450271606445
403,1.2224665880203247
404,1.5928199291229248
405,1.3847782611846924
406,1.2464091777801514
407,1.8190975189208984
408,0.8200745582580566
409,1.1980682611465454
410,1.8778798580169678
411,1.0984965562820435
412,1.3547255992889404
413,0.5821823477745056
414,1.1891287565231323
415,0.9345464706420898
416,1.14424729347229
417,1.5627588033676147
418,1.300546646118164
419,1.5328083038330078
420,1.368976354598999
421,0.9293673634529114
422,1.4471352100372314
423,1.1145522594451904
424,1.3078498840332031
425,1.212275505065918
426,0.513256847858429
427,0.7765003442764282
428,1.229444980621338
429,1.0009762048721313
430,1.0695406198501587
431,0.8862705230712891
432,1.1784536838531494
433,1.5451061725616455
434,1.1381957530975342
435,1.6502749919891357
436,1.533859372138977
437,1.2007594108581543
438,1.7972549200057983
439,0.8739491701126099
440,0.863071084022522
441,0.5288227796554565
442,1.1865111589431763
443,1.361356496810913
444,1.3082720041275024
445,1.8228991031646729
446,1.57236647605896
447,1.6450779438018799
448,1.6956865787506104
449,1.229392409324646
450,1.571174144744873
451,1.5079560279846191
452,1.4100061655044556
453,1.1228439807891846
454,1.200182557106018
455,1.5035065412521362
456,1.1769083738327026
457,1.4832723140716553
458,1.3736921548843384
459,1.3093234300613403
460,1.2338727712631226
461,1.5711164474487305
462,1.3432116508483887
463,0.9775241613388062
464,1.3987852334976196
465,0.9998680949211121
466,1.2136667966842651
467,0.9869371652603149
468,1.5175561904907227
469,0.8760673403739929
470,1.2059506177902222
471,1.1780831813812256
472,0.8007925152778625
473,1.5083460807800293
474,1.642953872680664
475,1.3815386295318604
476,1.466522216796875
477,0.9430935978889465
478,1.4151678085327148
479,1.3108755350112915
480,0.7750898599624634
481,1.483960509300232
482,1.4731308221817017
483,1.5880568027496338
484,1.6436693668365479
485,1.107625126838684
486,0.8930162191390991
487,0.7114658951759338
488,1.6885502338409424
489,0.9491811990737915
490,1.5641969442367554
491,0.6231632232666016
492,0.59441077709198
493,0.9987341165542603
494,1.4550650119781494
495,1.3230483531951904
496,1.0541045665740967
497,0.8232473134994507
498,1.1313754320144653
499,1.4101135730743408
500,2.2280163764953613
